34,9
34,8
34,4
34,7
34,6
34,5
0,533
0,532
0,531
0,530
0,529
0,528
0,527
0,526
0,525
0,524
0,523
0,522
0,521
0,520
0,519
0,518
0,517
0,516
0,515
0,514
0,513
0,512
0,511
0,510
0,509
0,508
0,507
0,506
0,505
0,504
35,3
35,2
35,1
35,0
33,43
33,42
33,41
33,40
33,39
33,38
33,37
0,503
0,472
34,3
34,2
34,1
34,0
29,1
29,3
33,36
27,1
27,3
33,35
32,5
32,1
32,6
32,3
28,4
28,1
28,3
3,1
3,3
10,126
10,234
10,85
10,75
10,24
11,4
11,20
11,9
11,16
9,7
9,5
8,15
8,11
8,16
8,7
8,18
20,3
20,2
20,1
19,2
19,3
19,1
12,3
12,2
12,1
11,30
11,29
11,28
11,27
11,26
11,25
11,24
11,23
11,22
11,21
11,19
11,7
11,6
11,5
11,3
11,2
11,1
10,314
10,313
10,312
10,311
10,310
10,309
10,308
10,307
10,306
10,305
10,304
10,303
10,302
10,301
10,300
10,299
10,298
10,297
